UNL-City Chemistry
1. 40.818758, -96.704340
2. 40.818608, -96.704340
3. 40.819012, -96.704702
4. 40.819012, -96.704552
5. 40.818812, -96.704702
6. 40.818812, -96.704552
7. 40.818612, -96.704702
8. 40.818512, -96.704552
9. 40.818412, -96.704702
10.40.818932, -96.704407
11.40.818432, -96.704407
12.40.818490, -96.704911
13.40.818873, -96.704147
14.40.818673, -96.704147
15.40.818473, -96.704147

UNL-City Mathematics
1. 40.819327, -96.704688
2. 40.819327, -96.704888
3. 40.819257, -96.704788

UNL-City Comp-Sci
1. 40.819663, -96.704533
2. 40.819663, -96.704333
3. 40.819513, -96.704433

UNL-City Physics
1. 40.821718, -96.698863
2. 40.822287, -96.698576
3. 40.822119, -96.698477
4. 40.821987, -96.698576
5. 40.821819, -96.698477
6. 40.821627, -96.698576

UNL-City Chem Eng
1. 40.821393, -96.697468
2. 40.821393, -96.697168
3. 40.821153, -96.697468
4. 40.821153, -96.697168

UNL-City Mech Eng
1. 40.823081, -96.697791
2. 40.823081, -96.697541
3. 40.822841, -96.697791
4. 40.822861, -96.697521

UNL-City Civ Eng
1. 40.822194, -96.697693
2. 40.822106, -96.697344
3. 40.821781, -96.697674
4. 40.821714, -96.697387

UNL-City Earth and Atmospheric
1. 40.820008, -96.703457
2. 40.819927, -96.703617

UNL-City Giosciences
1. 40.820008, -96.703127
2. 40.819927, -96.702957

UNL-City Biology
1. 40.818983, -96.704985
2. 40.818773, -96.704985

CBA
1. 40.817908, -96.703408
2. 40.818054, -96.703615
3. 40.817725, -96.703194
4. 40.817585, -96.703620

UNL-East Natural Resources
1. 40.828883, -96.672239
2. 40.829051, -96.672336

UNL-East Statistics
1. 40.828555, -96.671692
2. 40.828794, -96.671453

UNL-East Animal Sciences
1. 40.832117, -96.664417
2. 40.832355, -96.664948
3. 40.832458, -96.663925

UNL-East Agronomy
1. 40.830682, -96.666120
2. 40.830887, -96.666426

UNO
1. 41.257884, -96.010770
2. 41.257948, -96.005963
3. 41.256690, -96.009869
4. 41.258545, -96.013281
5. 41.257166, -96.008667
6. 41.257416, -96.015630

UNMC
1. 41.255260, -95.977904
2. 41.253928, -95.976360
3. 41.254953, -95.977089
4. 41.256469, -95.977207
5. 41.254598, -95.975126
6. 41.254638, -95.979761
7. 41.255670, -95.979804
8. 41.255702, -95.975201

Omaha Zoo
1. 41.225136, -95.926442
2. 41.225701, -95.927794

Creighton
1. 41.265347, -95.947705
2. 41.265375, -95.949320
3. 41.266137, -95.950897
4. 41.265375, -95.949320

Other
1. 0.327469, -89.958135
2. 0.311022, -89.954005
3. 0.332705, -89.968178
4. 0.314037, -89.970238
5. 0.323156, -89.942794
6. 0.337307, -89.948877